41207
18526
20383
48867
64840
4689
57934
59175
35381
26018
55802
36567
14296
46093
9126
15651
6754
61962
16096
33189
18685
25046
12120
38446
16974
46320
33620
60305
55628
48706
61219
33169
53003
48123
32744
12673
33327
34726
44113
49843
4118
24882
65427
38330
1962
14040
58729
29209
22448
11350
21594
61297
31522
10208
255
39382
27490
34556
10550
16115
33490
2374
21455
22857
65518
63258
25
50782
6833
36539
52105
30281
51476
38894
6676
36154
9454
27697
37634
9251
31489
54661
32484
64359
2403
28350
12198
45836
22597
828
30837
34344
29830
8407
60252
52456
35997
16896
7719
16464
65482
51117
55626
56969
41479
20281
31450
31948
11888
45002
26397
20167
53971
16778
28679
39185
45884
44863
14268
12054
55479
60647
46978
29488
25744
31716
63394
9075
7699
41896
19607
1419
40412
62619
63017
23002
58344
20106
5277
8316
3693
50308
37523
35733
1083
25055
54855
16476
7931
55190
63139
11541
30169
2626
28211
3266
10393
61458
11258
9003
39870
1962
46730
9186
45257
19638
21662
36558
46988
4514
50879
29547
49135
47038
45657
33477
35807
19451
1959
34386
12380
34552
13271
49379
22628
18261
6020
56652
34212
3472
29101
61097
57085
17721
41159
40455
29963
49241
24758
2944
3680
64443
5518
41815
51498
54699
33384
21723
17397
57542
47411
16096
46110
31270
1821
12022
54245
6551
32874
51961
62697
52199
10590
6916
43929
34571
6085
33234
28111
44560
1206
15865
28703
3000
53142
60695
60113
11936
19878
32072
28472
5380
17295
42902
57506
43265
39848
49474
5878
42152
21402
6318
56752
2000
26993
32497
27966
37970
27318
18301
16400
34998
35531
17810
11666
37215
8165
57886
33908
11626
39632
44558
51428
23247
62589
7018
11140
38175
53320
46364
32889
8188
21072
4111
50216
20991
47478
15078
14840
31402
62350
63979
8879
61055
39856
7507
30785
25473
36186
38657
11737
48797
38502
9311
6578
44035
60776
53115
62512
18776
13453
49690
6609
64912
47644
54400
60738
36604
51863
31291
39336
6413
44048
42982
25487
45325
55897
40794
57144
5939
26347
15094
1364
35047
47506
63042
53707
46515
3821
6352
33670
35419
58104
47608
46619
20893
22445
57129
63373
59376
44283
27981
37506
3011
4056
40548
33197
20098
40093
57655
45239
47102
7407
38997
13093
46690
11798
55604
10188
42138
29030
47903
57449
47169
47139
49526
13933
64329
50841
41972
59662
35963
567
64673
31367
31062
52066
60360
23613
23440
16609
26964
49394
33039
1900
65054
8653
52966
28465
57800
15545
4749
60023
49288
63841
57628
26345
41532
29447
3670
24101
57236
12827
50562
44209
46338
3580
16516
47127
44068
63167
24206
41153
48466
5578
5998
6493
4724
60267
9052
42895
48204
50422
38127
8080
23134
41777
33931
59791
46528
18840
64985
19221
3715
9524
55556
31762
27816
19175
1840
42326
40569
21024
39815
8377
51566
63365
50473
254
3624
31768
18958
19500
56936
46664
27679
42368
19172
60530
34892
53236
59678
20589
2026
22128
36101
25565
16108
22183
8533
37255
43603
28286
33534
56012
20817
56530
41187
59019
13708
13590
57652
59707
11258
29765
12739
31433
54253
44282
22545
17965
56781
60086
23046
44725
25173
55630
57386
49275
42719
24533
36734
35279
36592
56823
49757
60368
59286
29257
5962
63005
12881
28479
49215
32234
8996
28221
47013
10468
29965
48157
18260
373
22718
54108
3221
39346
43085
23967
42963
5416
20246
39800
612
19937
21510
56638
56823
59117
36337
58940
45821
3087
57808
4914
39713
64574
43497
4488
42388
16462
30597
62726
57938
41475
13988
53633
14906
63228
2333
27640
47535
36756
11301
36440
56637
22918
25984
29165
10533
25014
52216
10574
30841
34183
1588
785
64611
37809
6991
19864
31485
27650
46625
26961
33962
34251
55147
40193
47513
41906
47068
1625
58687
61913
25048
23434
23891
48808
61482
1992
19326
59307
33359
47195
3778
49328
48556
24753
53696
3190
1112
30146
36816
51513
37607
64169
45750
24988
9976
32029
65389
57531
7197
20477
57563
18522
36094
57055
5415
7886
46751
34755
3090
53581
56510
55832
48322
2937
17308
48097
40362
42964
34388
51758
39975
13159
60552
18511
14673
4788
14264
17579
14439
25596
17314
57886
57263
38040
24124
17485
41108
59796
18240
48142
58802
45120
46400
63938
49066
30541
13008
11704
37321
13694
18996
48570
47333
5423
46286
10660
22163
17760
36407
43834
64532
36500
5390
19906
20673
60688
1505
40024
4588
24614
4896
33055
58417
53343
59412
40648
31323
4557
51374
57567
4737
56818
34010
30954
22871
15971
43028
13751
27543
28817
40366
33603
6332
18454
50070
19076
18159
37397
61624
60798
38944
56763
58876
17342
19107
19928
6355
33139
64957
651
43368
34520
9069
8651
35949
6607
48602
16125
42419
55241
46907
42618
62873
19787
63559
65216
949
4703
2551
30629
21976
17054
56801
58637
16169
19466
33440
16456
26749
15508
27181
3523
42285
14919
15594
36388
32425
12531
24440
50966
10618
28892
39396
47654
41026
43029
7706
19642
32987
27255
20593
50249
5496
13924
41406
29394
2952
21895
54410
31442
40080
7207
43478
64533
65116
20036
2705
42475
30769
64319
54416
35810
26136
1593
57920
14869
12893
7621
15870
49740
5154
55525
41690
50413
26813
31668
1866
5436
16502
62505
26825
24888
14102
35078
1046
26431
45238
35481
37567
32830
56550
55531
44657
12715
32918
64765
41731
49110
2959
52753
27649
21785
15360
34685
26511
54712
58002
58130
8508
18538
55233
18008
4626
20987
65463
37257
2529
27608
14737
21785
18194
39877
12593
33122
53251
47817
27841
25251
4529
5278
18442
30051
58709
62554
21748
21405
6096
49128
16759
23821
13459
38891
44182
29698
24741
9581
32208
3897
23330
49162
24837
18397
32239
26380
1114
29743
48483
64411
60069
17034
61017
43751
58137
20747
62007
49688
4928
35571
7622
3245
37458
31143
13492
1329
47479
31390
32403
16850
58240
59765
50462
44874
33830
46235
54530
64986
27611
9961
25737
37767
9462
34950
62555
60676
35506
24673
24779
29027
48532
54599
56193
52480
9281
58563
63633
13071
14124
50747
21756
50295
59834
62750
14803
31508
57391
38115
64704
39825
36780
28696
57065
60141
28810
61539
54315
57536
41996
33528
6403
18832
43204
52042
23292
22142
52592
24459
43209
54834
7346
6021
31316
16330
7514
61758
8286
